1 1490993848930064916 55.8187 8.06041 -0.508
1 1490993848980793952 55.4374 7.90937 -0.508
1 1490993849030827045 55.0283 7.93664 -0.508
1 1490993849080847978 54.6468 7.78698 -0.508
1 1490993849130858898 54.2432 7.10142 -0.508
1 1490993849180738925 53.7843 6.77221 -0.508
1 1490993849230854034 53.3006 6.61892 -0.508
1 1490993849280818939 52.8164 6.46734 -0.508
1 1490993849330873966 52.3429 6.23371 -0.508
1 1490993849380781888 51.9569 6.0991 -0.508
1 1490993849430880069 51.4715 5.95333 -0.508
1 1490993849480811119 50.965 5.97204 -0.508
1 1490993849530895948 50.5579 6.00187 -0.508
1 1490993849580755949 50.062 5.93748 -0.508
1 1490993849630847930 49.5454 6.03089 -0.508
1 1490993849680820941 49.0393 6.04278 -0.508
1 1490993849730885982 48.5334 6.05291 -0.508
1 1490993849780817031 48.0275 6.0613 -0.508
1 1490993849830873012 47.6207 6.08186 -0.508
1 1490993849880873918 47.115 6.08693 -0.508
1 1490993849930900096 46.6094 6.09026 -0.508
1 1490993849980864048 46.125 5.94603 -0.508
1 1490993850030900955 45.6092 6.01965 -0.508
1 1490993850080810070 45.104 6.01862 -0.508
1 1490993850130922079 44.5777 6.15632 -0.508
1 1490993850180847883 43.974 6.13473 -0.508
1 1490993850230848073 43.4476 6.26306 -0.508
1 1490993850280863046 42.9539 6.18398 -0.508
1 1490993850330957889 42.4602 6.1049 -0.508
1 1490993850380878925 41.9559 6.09147 -0.508
1 1490993850430910110 41.4623 6.01153 -0.508
1 1490993850480822086 40.8597 5.97934 -0.508
1 1490993850530967950 40.3349 6.08706 -0.508
1 1490993850580909013 39.8313 6.06562 -0.508
1 1490993850630928993 39.2189 6.08629 -0.508
1 1490993850680835962 38.7158 6.06032 -0.508
1 1490993850730896949 38.2023 6.09171 -0.508
1 1490993850780817031 37.6013 6.04351 -0.508
1 1490993850830924987 37.0884 6.06844 -0.508
1 1490993850880851984 36.5591 5.62208 -0.508
1 1490993850930903911 35.9387 5.68442 -0.508
1 1490993850980860948 35.4269 5.7044 -0.508
1 1490993851030903100 34.817 5.70249 -0.508
1 1490993851080910921 34.1975 5.7485 -0.508
1 1490993851130947113 33.6866 5.75641 -0.508
1 1490993851180854082 33.0679 5.79136 -0.508
1 1490993851230894088 32.4497 5.82 -0.508
1 1490993851280850887 31.94 5.81496 -0.508
1 1490993851330935955 31.3227 5.83256 -0.508
1 1490993851380920886 30.7162 5.79785 -0.508
1 1490993851430926084 30.1001 5.80394 -0.508
1 1490993851480859994 29.4948 5.75985 -0.508
1 1490993851500687000 28.6153 5.84451 -1.27173
1 1490993851530941963 28.91 5.6259 -0.508
1 1490993851580840110 28.296 5.61743 -0.508
1 1490993851600773000 26.9944 5.52268 -1.23777
1 1490993851630958080 27.6926 5.56195 -0.508
1 1490993851680890083 27.0802 5.54201 -0.508
1 1490993851700858000 26.3521 4.81558 -1.23955
1 1490993851730909109 26.4783 5.4772 -0.508
1 1490993851780901908 25.8291 5.59594 -0.508
1 1490993851800946000 25.4741 4.93625 -1.26976
1 1490993851830929994 25.239 5.48117 -0.508
1 1490993851880863904 24.5244 5.44454 -0.508
1 1490993851901049000 23.7407 5.35233 -1.67813
1 1490993851931032896 23.9358 5.32244 -0.508
1 1490993851980868101 23.3387 5.23146 -0.508
1 1490993852001131000 23.0565 5.02265 -1.27236
1 1490993852030925989 22.6783 5.36073 -0.508
1 1490993852080908060 22.0657 5.31617 -0.508
1 1490993852101206000 21.6308 4.97921 -1.29095
1 1490993852130975008 21.473 5.20357 -0.508
1 1490993852180896043 20.7589 5.1435 -0.508
1 1490993852201292000 20.3804 4.79937 -1.27799
1 1490993852230968952 20.1425 5.10212 -0.508
1 1490993852280874967 19.5103 5.10335 -0.508
1 1490993852301380000 19.25 4.82835 -1.2745
1 1490993852330966949 18.8894 5.06455 -0.508
1 1490993852380949020 18.1856 4.9553 -0.508
1 1490993852401494000 17.7498 4.52021 -1.23552
1 1490993852430948972 17.5702 4.89179 -0.508
1 1490993852480927944 16.9324 4.88193 -0.508
1 1490993852501578000 16.7484 4.52944 -1.20657
1 1490993852530951976 16.3318 4.76973 -0.508
1 1490993852580915927 15.6255 4.64906 -0.508
1 1490993852601642000 15.5627 4.0658 -1.16851
1 1490993852630979061 14.992 4.60692 -0.508
1 1490993852680860042 14.3635 4.54415 -0.508
1 1490993852701726000 13.9984 4.23286 -1.10566
1 1490993852731012105 13.7251 4.49369 -0.508
1 1490993852780945062 13.0779 4.44911 -0.508
1 1490993852801814000 12.3558 4.03973 -1.05645
1 1490993852830976009 12.4003 4.4462 -0.508
1 1490993852901922000 11.1946 3.91296 -1.02194
1 1490993853002002000 9.87854 3.96511 -1.01693
1 1490993853102097000 8.31245 3.98581 -1.00077
1 1490993853202205000 6.85176 3.82756 -0.99513
1 1490993853302281000 5.73025 3.83388 -0.951377
1 1490993853402335000 4.19735 3.7141 -0.910549
1 1490993853502426000 3.16277 3.7963 -1.00316
1 1490993853602520000 1.56559 3.8218 -0.783654
1 1490993853702607000 0.5919 3.79944 -0.762
1 1490993853802691000 -0.613613 3.83016 -0.747443
1 1490993853902791000 -2.36971 3.71627 -0.719046
1 1490993854002881000 -3.39197 3.65612 -0.527006
1 1490993854203027000 -6.23379 3.67853 -0.563234
1 1490993854303114000 -8.08175 3.63955 -0.641727
1 1490993854503287000 -10.4598 3.6304 -0.780344
1 1490993854703473000 -13.3654 3.54689 -0.779787
1 1490993854803548000 -15.6717 3.35862 -0.777164
1 1490993854903634000 -17.3087 3.40298 -0.646852
1 1490993855003745000 -18.3815 3.2796 -0.720933
1 1490993855103808000 -19.6283 3.79508 -0.717655
1 1490993855203906000 -21.0549 3.49067 -0.717097
1 1490993855304006000 -22.3933 3.26808 -0.705029
3 1490993862231302976 61.5451 3.39826 -0.508
3 1490993862281316041 61.1627 3.07708 -0.508
3 1490993862331454038 59.8748 2.81297 -0.508
3 1490993862431313037 59.7123 1.93343 -0.508
3 1490993862481259107 60.0418 -0.680487 -0.508
3 1490993862530540943 59.8406 -0.774901 -0.508
3 1490993862581393957 59.2392 -0.862332 -0.508
3 1490993862681274890 56.738 -0.914506 -0.508
3 1490993862731318950 56.2381 -0.90578 -0.508
3 1490993862781397104 56.7256 -1.46309 -0.508
3 1490993862831322908 56.0232 -1.53374 -0.508
3 1490993862880460023 55.3236 -1.51298 -0.508
3 1490993862930538892 54.6212 -1.57996 -0.508
3 1490993862981379032 54.1186 -1.65113 -0.508
3 1490993863031440019 53.4399 -0.771229 -0.508
3 1490993863080411911 52.8386 -0.846442 -0.508
3 1490993863180434942 51.9274 -1.32907 -0.508
3 1490993863230509996 51.4373 -0.9042 -0.508
3 1490993863280445098 50.9403 -0.731961 -0.508
3 1490993863380393981 49.8454 -0.238236 -0.508
3 1490993863430401086 49.3454 -0.235618 -0.508
3 1490993863481265068 48.7457 0.154985 -0.508
3 1490993863531400918 48.2443 0.383095 -0.508
3 1490993863580404043 47.7428 0.530218 -0.508
3 1490993863681282043 46.6382 0.812052 -0.508
3 1490993863730510950 46.0369 0.873299 -0.508
3 1490993863780442953 45.4337 1.00416 -0.508
3 1490993863831456899 44.9302 1.13362 -0.508
3 1490993863881419897 44.3284 1.18665 -0.508
3 1490993863930541038 43.7287 1.16885 -0.508
3 1490993863980468988 43.2246 1.28974 -0.508
3 1490993864031382083 42.6227 1.33665 -0.508
3 1490993864080514907 42.0182 1.44722 -0.508
3 1490993864180546998 40.814 1.52846 -0.508
3 1490993864230529069 40.2171 1.44073 -0.508
3 1490993864281336069 39.6176 1.41665 -0.508
3 1490993864330562114 39.0103 1.5741 -0.508
3 1490993864381366968 38.4023 1.72522 -0.508
3 1490993864430680990 37.8031 1.69486 -0.508
3 1490993864481334924 37.1979 1.77919 -0.508
3 1490993864531399011 36.5956 1.80303 -0.508
3 1490993864581362962 35.9902 1.88001 -0.508
3 1490993864631442070 35.2882 1.8925 -0.508
3 1490993864681344032 34.6826 1.96178 -0.508
3 1490993864730565071 34.077 2.02686 -0.508
3 1490993864781349897 33.4713 2.08773 -0.508
3 1490993864831383943 32.8655 2.14439 -0.508
3 1490993864880537986 32.1638 2.14046 -0.508
3 1490993864930583000 31.5618 2.14193 -0.508
3 1490993864980532884 30.96 2.14131 -0.508
3 1490993865030559062 30.3582 2.1386 -0.508
3 1490993865080535888 29.7528 2.17813 -0.508
3 1490993865131514072 29.0478 2.20458 -0.508
3 1490993865181391000 28.4464 2.19331 -0.508
3 1490993865212574000 27.5879 2.61609 -1.53175
3 1490993865230580091 27.7455 2.17071 -0.508
3 1490993865281512975 27.1367 2.23465 -0.508
3 1490993865312649000 26.2828 2.82511 -1.45126
3 1490993865381481885 25.9231 2.30593 -0.508
3 1490993865412749000 25.0448 2.60761 -1.48122
3 1490993865431453943 25.2887 2.57144 -0.508
3 1490993865481513977 24.6888 2.53383 -0.508
3 1490993865512836000 23.7459 2.81398 -1.56603
3 1490993865531558036 23.9899 2.4816 -0.508
3 1490993865581387042 23.5888 2.46505 -0.508
3 1490993865612921000 22.9194 2.8329 -1.51232
3 1490993865631597995 22.963 2.61645 -0.508
3 1490993865680586099 22.2699 2.51903 -0.508
3 1490993865713026000 21.2245 2.52512 -1.19479
3 1490993865730602025 21.6714 2.46577 -0.508
3 1490993865780596971 21.0647 2.4688 -0.508
3 1490993865813095000 20.1993 2.47385 -1.1444
3 1490993865831433057 20.351 2.50631 -0.508
3 1490993865881416082 19.7497 2.46727 -0.508
3 1490993865913193000 18.8272 2.24634 -1.07486
3 1490993865931469917 19.0373 2.48485 -0.508
3 1490993865981422901 18.4244 2.50774 -0.508
3 1490993866013293000 17.3421 2.52884 -0.814569
3 1490993866031578063 17.7095 2.52507 -0.508
3 1490993866081517934 17.1157 2.43596 -0.508
3 1490993866113367000 16.0759 2.44165 -0.792554
3 1490993866131676912 16.3991 2.45223 -0.508
3 1490993866181546926 15.7731 2.5124 -0.508
3 1490993866231486082 15.0421 2.5679 -0.508
3 1490993866281378030 14.401 2.65664 -0.508
3 1490993866313529000 13.4068 2.58487 -0.816656
3 1490993866331520080 13.7616 2.71768 -0.508
3 1490993866381436109 13.1298 2.73585 -0.508
3 1490993866413604000 11.4838 2.63722 -0.813984
3 1490993866431456089 12.4823 2.78569 -0.508
3 1490993866480581045 11.736 2.79245 -0.508
3 1490993866513692000 10.6293 2.79469 -0.826296
3 1490993866613811000 9.42686 2.79023 -0.947703
3 1490993866713901000 8.21197 2.82605 -0.949159
3 1490993866813962000 6.81144 2.90381 -0.969801
3 1490993866914060000 5.36206 2.9893 -0.934393
3 1490993867014144000 4.27806 2.97351 -0.898155
3 1490993867114248000 2.85133 3.04848 -0.774401
3 1490993867214297000 1.6516 3.07296 -0.841538
3 1490993867314393000 -0.0426426 3.15189 -0.832235
3 1490993867414482000 -1.42702 3.07737 -0.75825
3 1490993867514580000 -2.31962 3.11332 -0.683706
3 1490993867614667000 -3.66131 3.02964 -0.782542
3 1490993867714743000 -5.12413 2.98332 -0.50659
3 1490993867814815000 -6.5348 2.92909 -0.568661
3 1490993867914927000 -8.11249 2.87248 -0.655088
3 1490993868014990000 -9.03772 2.82123 -0.745272
3 1490993868115077000 -10.4611 2.78339 -0.739532
3 1490993868215168000 -11.9569 2.62994 -0.734072
3 1490993868315251000 -13.0178 2.34935 -0.762297
3 1490993868415339000 -14.728 2.21925 -0.78634
3 1490993868515426000 -15.9424 2.03327 -0.972403
3 1490993868615513000 -17.834 2.04875 -0.651805
3 1490993868715603000 -19.208 1.80543 -0.741721
3 1490993868815712000 -20.0575 1.72582 -0.733001
